<?xml version="1.0"?>
<opencv_storage>
<D1 type_id="opencv-matrix">
  <rows>1</rows>
  <cols>5</cols>
  <dt>d</dt>
  <data>
    1.2371126396475157e-001 -8.0500229648257215e-001 0. 0.
    1.3826004507552356e+000</data></D1>
</opencv_storage>
