<?xml version="1.0"?>
<opencv_storage>
<D1 type_id="opencv-matrix">
  <rows>1</rows>
  <cols>5</cols>
  <dt>d</dt>
  <data>
    9.2764865903968569e-002 -5.0032316522567322e-001 0. 0.
    6.7731475411022557e-001</data></D1>
</opencv_storage>
