<?xml version="1.0"?>
<opencv_storage>
<D1 type_id="opencv-matrix">
  <rows>1</rows>
  <cols>5</cols>
  <dt>d</dt>
  <data>
    7.5606845058027686e-002 -6.9972049707198369e-001 0. 0.
    2.1593082921986970e+000</data></D1>
</opencv_storage>
