<?xml version="1.0"?>
<opencv_storage>
<D1 type_id="opencv-matrix">
  <rows>1</rows>
  <cols>5</cols>
  <dt>d</dt>
  <data>
    1.7028752776098641e-001 -1.2656123059559730e+000 0. 0.
    3.0185028819007389e+000</data></D1>
</opencv_storage>
