<?xml version="1.0"?>
<opencv_storage>
<D1 type_id="opencv-matrix">
  <rows>1</rows>
  <cols>5</cols>
  <dt>d</dt>
  <data>
    1.5342149165608340e-001 -1.1252940956712614e+000 0. 0.
    2.6497644763298189e+000</data></D1>
</opencv_storage>
