<?xml version="1.0"?>
<opencv_storage>
<D2 type_id="opencv-matrix">
  <rows>1</rows>
  <cols>5</cols>
  <dt>d</dt>
  <data>
    1.6611185986992699e-001 -6.5284296319964019e-001 0. 0.
    9.2337473991656649e-001</data></D2>
</opencv_storage>
