<?xml version="1.0"?>
<opencv_storage>
<D2 type_id="opencv-matrix">
  <rows>1</rows>
  <cols>5</cols>
  <dt>d</dt>
  <data>
    1.7640199986177255e-001 -7.7336360428578221e-001 0. 0.
    1.3095250380332808e+000</data></D2>
</opencv_storage>
