<?xml version="1.0"?>
<opencv_storage>
<D2 type_id="opencv-matrix">
  <rows>1</rows>
  <cols>5</cols>
  <dt>d</dt>
  <data>
    7.4108048949875188e-002 2.4782935711754905e-001 0. 0.
    -1.7068031042413283e+000</data></D2>
</opencv_storage>
