<?xml version="1.0"?>
<opencv_storage>
<D2 type_id="opencv-matrix">
  <rows>1</rows>
  <cols>5</cols>
  <dt>d</dt>
  <data>
    1.4910593595278224e-001 -4.9576447666935386e-001 0. 0.
    6.5234481398111277e-001</data></D2>
</opencv_storage>
