<?xml version="1.0"?>
<opencv_storage>
<D2 type_id="opencv-matrix">
  <rows>1</rows>
  <cols>5</cols>
  <dt>d</dt>
  <data>
    1.4384257973368428e-001 -3.8418322475553818e-001 0. 0.
    -1.3652961726214280e-001</data></D2>
</opencv_storage>
