<?xml version="1.0"?>
<opencv_storage>
<E type_id="opencv-matrix">
  <rows>3</rows>
  <cols>3</cols>
  <dt>d</dt>
  <data>
    -2.8210839203604413e-002 -2.1817630238319601e+000
    -1.1769255184667211e+000 3.6079610889359848e+000
    1.0643708369875200e+000 9.1482303385120673e+001
    8.1058450012373884e-001 -9.1532100667330496e+001
    1.0614826041231078e+000</data></E>
</opencv_storage>
