<?xml version="1.0"?>
<opencv_storage>
<E type_id="opencv-matrix">
  <rows>3</rows>
  <cols>3</cols>
  <dt>d</dt>
  <data>
    -1.2737041583522021e-003 -8.8797895729597176e-002
    -4.7106795160751870e-002 1.5252819579016713e-001
    2.8942969405690418e-002 3.4324109975291095e+000
    3.3124901659137666e-002 -3.4348368989364713e+000
    2.8724437645991894e-002</data></E>
</opencv_storage>
