<?xml version="1.0"?>
<opencv_storage>
<E type_id="opencv-matrix">
  <rows>3</rows>
  <cols>3</cols>
  <dt>d</dt>
  <data>
    1.2439197869431947e-002 -3.2122377800819515e+000
    2.2324113638646709e-001 2.1910966211382168e+000
    6.7051568779348469e-001 9.0605972741290472e+001
    2.1434592238560041e-001 -9.0575522421780221e+001
    6.5801881832072706e-001</data></E>
</opencv_storage>
