<?xml version="1.0"?>
<opencv_storage>
<E type_id="opencv-matrix">
  <rows>3</rows>
  <cols>3</cols>
  <dt>d</dt>
  <data>
    -2.8918924817634004e-002 -2.3052768397003995e+000
    -1.2004156977666700e+000 3.7136298602641551e+000
    1.0586394406465509e+000 9.1744148934423620e+001
    8.3091104134927163e-001 -9.1795162426863087e+001
    1.0562487703336341e+000</data></E>
</opencv_storage>
