<?xml version="1.0"?>
<opencv_storage>
<E type_id="opencv-matrix">
  <rows>3</rows>
  <cols>3</cols>
  <dt>d</dt>
  <data>
    -4.1728657576858813e-002 -2.5585122954067279e+000
    -1.7771202664332253e+000 4.1990236779220496e+000
    7.2765457055510974e-001 8.9436879833019105e+001
    1.5006915018591029e+000 -8.9504893938225877e+001
    7.0890735686732254e-001</data></E>
</opencv_storage>
