<?xml version="1.0"?>
<opencv_storage>
<F type_id="opencv-matrix">
  <rows>3</rows>
  <cols>3</cols>
  <dt>d</dt>
  <data>
    -1.4297765792150419e-007 -8.8046956816559394e-006
    -1.0415488505739873e-003 1.4450243491323147e-005
    2.5150416385385924e-006 1.7017350355072461e-001
    -9.9096315091340187e-004 -1.7338312216573973e-001 1.</data></F>
</opencv_storage>
