<?xml version="1.0"?>
<opencv_storage>
<F type_id="opencv-matrix">
  <rows>3</rows>
  <cols>3</cols>
  <dt>d</dt>
  <data>
    -7.7361973815580479e-008 -6.0100938626797323e-006
    -1.9481860246979679e-004 9.9388359599734282e-006
    2.9452949005340205e-006 1.3799691636673908e-001
    -1.4134851809453823e-003 -1.4085597694954555e-001 1.</data></F>
</opencv_storage>
