<?xml version="1.0"?>
<opencv_storage>
<F type_id="opencv-matrix">
  <rows>3</rows>
  <cols>3</cols>
  <dt>d</dt>
  <data>
    -9.4329959900083198e-008 -6.5763324147588061e-006
    -1.6948408934863089e-004 1.1296169913688832e-005
    2.1435033602780824e-006 1.3738722844556842e-001
    -1.6310940029223076e-003 -1.4007815240085500e-001 1.</data></F>
</opencv_storage>
