<?xml version="1.0"?>
<opencv_storage>
<F type_id="opencv-matrix">
  <rows>3</rows>
  <cols>3</cols>
  <dt>d</dt>
  <data>
    3.3818020140742643e-006 -8.7700595849165186e-004
    2.6828044623091818e-001 5.9821374503605921e-004
    1.8384120492096658e-004 1.3839238471389308e+001
    -1.2913936974560944e-001 -1.3847357746508747e+001 1.</data></F>
</opencv_storage>
