<?xml version="1.0"?>
<opencv_storage>
<F type_id="opencv-matrix">
  <rows>3</rows>
  <cols>3</cols>
  <dt>d</dt>
  <data>
    -7.9644708077720827e-008 -6.3802556366062487e-006
    -1.3865238580574384e-004 1.0278118202627232e-005
    2.9444438240934954e-006 1.3922233618471291e-001
    -1.4726923603074018e-003 -1.4207410974842738e-001 1.</data></F>
</opencv_storage>
