<?xml version="1.0"?>
<opencv_storage>
<M1 type_id="opencv-matrix">
  <rows>3</rows>
  <cols>3</cols>
  <dt>d</dt>
  <data>
    5.6950271888123393e+002 0. 3.0648412173573075e+002 0.
    5.6702567650705703e+002 2.7057944129876057e+002 0. 0. 1.</data></M1>
</opencv_storage>
