<?xml version="1.0"?>
<opencv_storage>
<M1 type_id="opencv-matrix">
  <rows>3</rows>
  <cols>3</cols>
  <dt>d</dt>
  <data>
    5.6390227596822547e+002 0. 3.0915797487379871e+002 0.
    5.6113019252018705e+002 2.6660392460610348e+002 0. 0. 1.</data></M1>
</opencv_storage>
