<?xml version="1.0"?>
<opencv_storage>
<M1 type_id="opencv-matrix">
  <rows>3</rows>
  <cols>3</cols>
  <dt>d</dt>
  <data>
    5.6291281168643798e+002 0. 3.0962756995103473e+002 0.
    5.6037530970586010e+002 2.6588687991160629e+002 0. 0. 1.</data></M1>
</opencv_storage>
