<?xml version="1.0"?>
<opencv_storage>
<M1 type_id="opencv-matrix">
  <rows>3</rows>
  <cols>3</cols>
  <dt>d</dt>
  <data>
    5.5646405214744118e+002 0. 3.0979584532828795e+002 0.
    5.5646405214744118e+002 2.6498562633230262e+002 0. 0. 1.</data></M1>
</opencv_storage>
