<?xml version="1.0"?>
<opencv_storage>
<M1 type_id="opencv-matrix">
  <rows>3</rows>
  <cols>3</cols>
  <dt>d</dt>
  <data>
    5.6885128326137908e+002 0. 3.0652680584856120e+002 0.
    5.6644752825728722e+002 2.6772047317243351e+002 0. 0. 1.</data></M1>
</opencv_storage>
