<?xml version="1.0"?>
<opencv_storage>
<M2 type_id="opencv-matrix">
  <rows>3</rows>
  <cols>3</cols>
  <dt>d</dt>
  <data>
    5.5646405214744118e+002 0. 3.1182792661278881e+002 0.
    5.5646405214744118e+002 2.6784608582138111e+002 0. 0. 1.</data></M2>
</opencv_storage>
