<?xml version="1.0"?>
<opencv_storage>
<M2 type_id="opencv-matrix">
  <rows>3</rows>
  <cols>3</cols>
  <dt>d</dt>
  <data>
    5.6390227596822547e+002 0. 3.1175686057375697e+002 0.
    5.6113019252018705e+002 2.7125085094855274e+002 0. 0. 1.</data></M2>
</opencv_storage>
