<?xml version="1.0"?>
<opencv_storage>
<M2 type_id="opencv-matrix">
  <rows>3</rows>
  <cols>3</cols>
  <dt>d</dt>
  <data>
    5.6950271888123393e+002 0. 3.0924531716434342e+002 0.
    5.6702567650705703e+002 2.7428706568696214e+002 0. 0. 1.</data></M2>
</opencv_storage>
