<?xml version="1.0"?>
<opencv_storage>
<M2 type_id="opencv-matrix">
  <rows>3</rows>
  <cols>3</cols>
  <dt>d</dt>
  <data>
    5.6291281168643798e+002 0. 3.1204895125043487e+002 0.
    5.6037530970586010e+002 2.7054432925598479e+002 0. 0. 1.</data></M2>
</opencv_storage>
