<?xml version="1.0"?>
<opencv_storage>
<M2 type_id="opencv-matrix">
  <rows>3</rows>
  <cols>3</cols>
  <dt>d</dt>
  <data>
    5.6885128326137908e+002 0. 3.0705945989079601e+002 0.
    5.6644752825728722e+002 2.6955232360007102e+002 0. 0. 1.</data></M2>
</opencv_storage>
