<?xml version="1.0"?>
<opencv_storage>
<p1 type_id="opencv-matrix">
  <rows>3</rows>
  <cols>4</cols>
  <dt>d</dt>
  <data>
    6.4072590188788320e+002 0. 3.4246120452880859e+002 0. 0.
    6.4072590188788320e+002 2.6420649719238281e+002 0. 0. 0. 1. 0.</data></p1>
</opencv_storage>
