<?xml version="1.0"?>
<opencv_storage>
<p1 type_id="opencv-matrix">
  <rows>3</rows>
  <cols>4</cols>
  <dt>d</dt>
  <data>
    6.3482352497188208e+002 0. 3.2869044494628906e+002 0. 0.
    6.3482352497188208e+002 2.6441647148132324e+002 0. 0. 0. 1. 0.</data></p1>
</opencv_storage>
