<?xml version="1.0"?>
<opencv_storage>
<p1 type_id="opencv-matrix">
  <rows>3</rows>
  <cols>4</cols>
  <dt>d</dt>
  <data>
    5.6702567650705703e+002 0. 3.4276220703125000e+002 0. 0.
    5.6702567650705703e+002 2.7432783508300781e+002 0. 0. 0. 1. 0.</data></p1>
</opencv_storage>
