<?xml version="1.0"?>
<opencv_storage>
<p2 type_id="opencv-matrix">
  <rows>3</rows>
  <cols>4</cols>
  <dt>d</dt>
  <data>
    6.4072590188788320e+002 0. 3.3129688262939453e+002
    -5.8840156598988586e+004 0. 6.4072590188788320e+002
    2.6420649719238281e+002 0. 0. 0. 1. 0.</data></p2>
</opencv_storage>
