<?xml version="1.0"?>
<opencv_storage>
<p2 type_id="opencv-matrix">
  <rows>3</rows>
  <cols>4</cols>
  <dt>d</dt>
  <data>
    6.3482352497188208e+002 0. 3.3420272827148437e+002
    -5.7537333497157866e+004 0. 6.3482352497188208e+002
    2.6441647148132324e+002 0. 0. 0. 1. 0.</data></p2>
</opencv_storage>
