<?xml version="1.0"?>
<opencv_storage>
<p2 type_id="opencv-matrix">
  <rows>3</rows>
  <cols>4</cols>
  <dt>d</dt>
  <data>
    5.6702567650705703e+002 0. 3.6040006256103516e+002
    -5.0780787380868431e+004 0. 5.6702567650705703e+002
    2.7432783508300781e+002 0. 0. 0. 1. 0.</data></p2>
</opencv_storage>
