<?xml version="1.0"?>
<opencv_storage>
<Q type_id="opencv-matrix">
  <rows>4</rows>
  <cols>4</cols>
  <dt>d</dt>
  <data>
    1. 0. 0. -3.4276220703125000e+002 0. 1. 0. -2.7432783508300781e+002
    0. 0. 0. 5.6702567650705703e+002 0. 0. 1.1166145815231746e-002
    1.9694686671357262e-001</data></Q>
</opencv_storage>
