<?xml version="1.0"?>
<opencv_storage>
<Q type_id="opencv-matrix">
  <rows>4</rows>
  <cols>4</cols>
  <dt>d</dt>
  <data>
    1. 0. 0. -3.2869044494628906e+002 0. 1. 0. -2.6441647148132324e+002
    0. 0. 0. 6.3482352497188208e+002 0. 0. 1.1033245484051499e-002
    6.0818375104523564e-002</data></Q>
</opencv_storage>
