<?xml version="1.0"?>
<opencv_storage>
<R type_id="opencv-matrix">
  <rows>3</rows>
  <cols>3</cols>
  <dt>d</dt>
  <data>
    9.9981635362686705e-001 -4.4530975060623219e-003
    -1.8639445884393032e-002 4.2929581893545645e-003
    9.9995360927009647e-001 -8.6226340344278431e-003
    1.8676978617007848e-002 8.5410321571061480e-003
    9.9978908837785940e-001</data></R>
</opencv_storage>
