<?xml version="1.0"?>
<opencv_storage>
<R type_id="opencv-matrix">
  <rows>3</rows>
  <cols>3</cols>
  <dt>d</dt>
  <data>
    9.9982335958733448e-001 -3.4774517341408994e-003
    -1.8470434562631702e-002 3.3247484450634017e-003
    9.9996009585566448e-001 -8.2917274501370739e-003
    1.8498531597745473e-002 8.2288532473868189e-003
    9.9979502414392929e-001</data></R>
</opencv_storage>
