<?xml version="1.0"?>
<opencv_storage>
<R type_id="opencv-matrix">
  <rows>3</rows>
  <cols>3</cols>
  <dt>d</dt>
  <data>
    9.9987055689846827e-001 -4.4990999721891307e-003
    -1.5447574145712836e-002 4.3183718481796390e-003
    9.9992207630553298e-001 -1.1712940767061256e-002
    1.5499068105144176e-002 1.1644716238366812e-002
    9.9981207207734801e-001</data></R>
</opencv_storage>
