<?xml version="1.0"?>
<opencv_storage>
<R type_id="opencv-matrix">
  <rows>3</rows>
  <cols>3</cols>
  <dt>d</dt>
  <data>
    9.9992583110772959e-001 4.6543253865660699e-003
    1.1254756270668491e-002 -4.5724506654205351e-003
    9.9996297726149763e-001 -7.2894993815590271e-003
    -1.1288267290797132e-002 7.2374969096657121e-003
    9.9991009278837373e-001</data></R>
</opencv_storage>
