<?xml version="1.0"?>
<opencv_storage>
<R type_id="opencv-matrix">
  <rows>3</rows>
  <cols>3</cols>
  <dt>d</dt>
  <data>
    9.9986700152699259e-001 -4.4674614180870448e-003
    -1.5685058045762638e-002 4.2825528015783872e-003
    9.9992117489530463e-001 -1.1802700432331741e-002
    1.5736549778230698e-002 1.1733958601920088e-002
    9.9980731904532771e-001</data></R>
</opencv_storage>
