<?xml version="1.0"?>
<opencv_storage>
<T type_id="opencv-matrix">
  <rows>3</rows>
  <cols>1</cols>
  <dt>d</dt>
  <data>
    -9.0577945781823530e+001 1.9983208740148639e-001
    3.2138030479868158e+000</data></T>
</opencv_storage>
