<?xml version="1.0"?>
<opencv_storage>
<T type_id="opencv-matrix">
  <rows>3</rows>
  <cols>1</cols>
  <dt>d</dt>
  <data>
    -8.9502210966872653e+001 -1.7985815407865264e+000
    2.5438135405568221e+000</data></T>
</opencv_storage>
