<?xml version="1.0"?>
<opencv_storage>
<T type_id="opencv-matrix">
  <rows>3</rows>
  <cols>1</cols>
  <dt>d</dt>
  <data>
    -9.1533942630181073e+001 -1.2027434056105022e+000
    2.1678209612160226e+000</data></T>
</opencv_storage>
