<?xml version="1.0"?>
<opencv_storage>
<T type_id="opencv-matrix">
  <rows>3</rows>
  <cols>1</cols>
  <dt>d</dt>
  <data>
    -3.4347830308414471e+000 -4.7879074418410453e-002
    8.8393059633891879e-002</data></T>
</opencv_storage>
