<?xml version="1.0"?>
<opencv_storage>
<T type_id="opencv-matrix">
  <rows>3</rows>
  <cols>1</cols>
  <dt>d</dt>
  <data>
    -9.1796793005105485e+001 -1.2274826171727360e+000
    2.2911616887193014e+000</data></T>
</opencv_storage>
